* Input_File: "C:\Projects\IChI\wIChI\wichi_clipboard.mol"
message: type="warning" value="Accepted unusual valence(s): Fe(10); Metal was disconnected"

Structure: 1
InChI=1S/C16H24BrO.C5H5.Fe/c17-14-10-6-4-2-1-3-5-7-13-16(18)15-11-8-9-12-15;1-2-4-5-3-1;/h8-9,11-12H,1-7,10,13-14H2;1-5H;

AuxInfo=1/0/N:3,17,4,24,18,23,19,7,11,22,1,9,20,6,2,10,5,21;12,13,16,14,15;8/E:(8,9)(11,12);(1,2,3,4,5);/CRV:8.3,9.3,11.3,12.3,15.3;1.3,2.3,3.3,4.3,5.3;/rA:24nCCCCBrCCFeCCCCCCCCCCCCOCCC/rB:s1;;s3;;s5;s1;s1s2s7;s2s8;s2;s7s8s9;s8;s8s12;s8s13;s8s14;s8s12s15;s3;s4;s18;s10s19;d10;s6;s22;s17s23;/rC:-4.2051,.4083,0;-3.5927,.1225,0;.6124,.1225,0;-.0817,-.2858,0;4.8174,.1633,0;4.1234,-.245,0;-4.7358,.1225,0;-4.2051,1.0206,0;-3.9193,-.2041,0;-2.8986,-.2858,0;-4.45,-.2041,0;-4.2051,1.7147,0;-4.7766,1.9596,0;-4.45,2.3271,0;-3.9193,2.3271,0;-3.6335,2.0005,0;1.3064,-.245,0;-.8165,.1225,0;-1.5106,-.2858,0;-2.2046,.1225,0;-2.8986,-1.1023,0;3.3885,.1633,0;2.6945,-.245,0;2.0005,.1633,0;

InChIKey=URISJCZHHAYYNE-UHFFFAOYSA-N

==== InChI ANNOTATED CONTENTS ====

Structure: 1

InChI=
{version}1S
/{formula}C16H24BrO.C5H5.Fe
/c{connections}17-14-10-6-4-2-1-3-5-7-13-16(18)15-11-8-9-12-15;1-2-4-5-3-1;
/h{H_atoms}8-9,11-12H,1-7,10,13-14H2;1-5H;

AuxInfo=
{version}1
/{normalization_type}0
/N:{original_atom_numbers}3,17,4,24,18,23,19,7,11,22,1,9,20,6,2,10,5,21;12,13,16,14,15;8
/E:{atom_equivalence}(8,9)(11,12);(1,2,3,4,5);
/CRV:{charge_radical_valence}8.3,9.3,11.3,12.3,15.3;1.3,2.3,3.3,4.3,5.3;
/rA:{reversibility:atoms}24nCCCCBrCCFeCCCCCCCCCCCCOCCC
/rB:{reversibility:bonds}s1;;s3;;s5;s1;s1s2s7;s2s8;s2;s7s8s9;s8;s8s12;s8s13;s8s14;s8s12s15;s3;s4;s18;s10s19;d10;s6;s22;s17s23;
/rC:{reversibility:xyz}-4.2051,.4083,0;-3.5927,.1225,0;.6124,.1225,0;-.0817,-.2858,0;4.8174,.1633,0;4.1234,-.245,0;-4.7358,.1225,0;-4.2051,1.0206,0;-3.9193,-.2041,0;-2.8986,-.2858,0;-4.45,-.2041,0;-4.2051,1.7147,0;-4.7766,1.9596,0;-4.45,2.3271,0;-3.9193,2.3271,0;-3.6335,2.0005,0;1.3064,-.245,0;-.8165,.1225,0;-1.5106,-.2858,0;-2.2046,.1225,0;-2.8986,-1.1023,0;3.3885,.1633,0;2.6945,-.245,0;2.0005,.1633,0;

