* Input_File: "N:\INCHI.103\src\wIChI\Identical_struct_winchi_bug_set#1.mol"
message: type="warning" value="Ambiguous stereo: center(s); Not chiral"

Structure: 1
InChI=1S/10C4Br4Cl4/c10*5-1(9)2(6,10)4(8,12)3(1,7)11/t1-,2?,3?,4+;1-,2?,3?,4-;1-,2+,3-,4+;1-,2-,3+,4+;4*1-,2-,3-,4+;2*1-,2-,3-,4-

AuxInfo=1/0/N:3,4,2,1,8,12,10,6,7,11,9,5;15,14,16,13,20,22,24,18,19,21,23,17;76,73,75,74,84,78,80,82,83,77,79,81;112,111,109,110,120,116,114,118,119,115,113,117;26,27,25,28,34,32,30,36,33,31,29,35;62,61,63,64,70,66,68,72,69,65,67,71;87,88,86,85,92,96,94,90,91,95,93,89;97,98,100,99,102,106,108,104,101,105,107,103;39,38,40,37,44,46,48,42,43,45,47,41;50,49,51,52,58,54,56,60,57,53,55,59/E:10*(1,2,3,4)(5,6,7,8)(9,10,11,12)/rA:120cCCCCClBrClBrClBrClBrCCCCClBrClBrClBrClBrCCCCClBrClBrClBrClBrCCCCClBrClBrClBrClBrCCCCClBrClBrClBrClBrCCCCClBrClBrClBrClBrCCCCClBrClBrClBrClBrCCCCClBrClBrClBrClBrCCCCClBrClBrClBrClBrCCCCClBrClBrClBrClBr/rB:s1;s2;s1s3;P1;s1;s3;N3;s2;s2;s4;s4;;s13;s14;s13s15;P13;s13;s15;P15;s14;s14;s16;s16;;s25;s26;s25s27;P25;s25;s27;P27;P26;s26;P28;s28;;s37;s38;s37s39;P37;s37;s39;P39;P38;s38;N40;s40;;s49;s50;s49s51;P49;s49;s51;P51;N50;s50;P52;s52;;s61;s62;s61s63;P61;s61;s63;P63;N62;s62;N64;s64;;s73;s74;s73s75;P73;s73;s75;N75;P74;s74;P76;s76;;s85;s86;s85s87;P85;s85;s87;N87;P86;s86;N88;s88;;s97;s98;s97s99;P97;s97;s99;N99;N98;s98;P100;s100;;s109;s110;s109s111;P109;s109;s111;N111;N110;s110;N112;s112;/rC:4.9245,-14.8297,0;6.8873,-13.0229,0;8.7131,-14.6553,0;6.9434,-16.699,0;3.6409,-13.5087,0;3.7406,-15.8641,0;9.8347,-13.1722,0;10.1836,-16.1383,0;5.4741,-12.008,0;8.1249,-12.0556,0;5.5077,-17.736,0;8.4987,-17.6089,0;4.8604,-7.6189,0;6.8233,-5.8121,0;8.649,-7.4444,0;6.8793,-9.4881,0;3.5768,-6.2979,0;3.6765,-8.6533,0;9.7706,-5.9614,0;10.1195,-8.9274,0;5.41,-4.7972,0;8.0608,-4.8447,0;5.4437,-10.5251,0;8.4346,-10.3981,0;13.882,-7.3625,0;15.8448,-5.5557,0;17.6705,-7.188,0;15.9009,-9.2317,0;12.5984,-6.0415,0;12.6981,-8.3969,0;18.7922,-5.705,0;19.1411,-8.671,0;14.4316,-4.5408,0;17.0823,-4.5884,0;14.4652,-10.2687,0;17.4562,-10.1417,0;23.3522,-7.3144,0;25.3151,-5.5076,0;27.1408,-7.14,0;25.3711,-9.1837,0;22.0686,-5.9934,0;22.1683,-8.3488,0;28.2624,-5.6569,0;28.6113,-8.623,0;23.9018,-4.4927,0;26.5526,-4.5403,0;23.9355,-10.2207,0;26.9264,-10.0936,0;32.4539,-7.1702,0;34.4167,-5.3634,0;36.2425,-6.9957,0;34.4728,-9.0394,0;31.1703,-5.8492,0;31.27,-8.2046,0;37.3641,-5.5127,0;37.713,-8.4788,0;33.0035,-4.3485,0;35.6543,-4.3961,0;33.0372,-10.0764,0;36.0281,-9.9494,0;41.4755,-7.3144,0;43.4383,-5.5076,0;45.264,-7.14,0;43.4944,-9.1837,0;40.1919,-5.9934,0;40.2916,-8.3488,0;46.3856,-5.6569,0;46.7346,-8.623,0;42.0251,-4.4927,0;44.6758,-4.5403,0;42.0587,-10.2207,0;45.0497,-10.0936,0;13.5295,-14.2849,0;15.4923,-12.4781,0;17.318,-14.1104,0;15.5484,-16.1541,0;12.2459,-12.9639,0;12.3456,-15.3193,0;18.4396,-12.6274,0;18.7886,-15.5935,0;14.0791,-11.4632,0;16.7298,-11.5108,0;14.1127,-17.1911,0;17.1037,-17.0641,0;22.9997,-14.2368,0;24.9625,-12.4301,0;26.7883,-14.0624,0;25.0186,-16.1061,0;21.7161,-12.9158,0;21.8158,-15.2712,0;27.9099,-12.5794,0;28.2588,-15.5454,0;23.5493,-11.4151,0;26.2001,-11.4627,0;23.5829,-17.1431,0;26.5739,-17.016,0;32.1014,-14.0926,0;34.0642,-12.2858,0;35.8899,-13.9181,0;34.1203,-15.9618,0;30.8178,-12.7716,0;30.9175,-15.127,0;37.0116,-12.4351,0;37.3605,-15.4012,0;32.651,-11.2709,0;35.3017,-11.3185,0;32.6846,-16.9988,0;35.6756,-16.8718,0;41.123,-14.2368,0;43.0858,-12.4301,0;44.9115,-14.0624,0;43.1419,-16.1061,0;39.8394,-12.9158,0;39.9391,-15.2712,0;46.0331,-12.5794,0;46.3821,-15.5454,0;41.6725,-11.4151,0;44.3233,-11.4627,0;41.7062,-17.1431,0;44.6972,-17.016,0;

InChIKey=LOPBATITGDVUDI-BKSYRYTHSA-N
XHash1=fcc3429db66f2c80516f76c10cdc3d755fc6b4c55177f177
XHash2=80d5d816317f33a291c4498a13b25db5e5198c6d8dcf3b9f69206023

==== InChI ANNOTATED CONTENTS ====

Structure: 1

InChI=
{version}1S
/{formula}10C4Br4Cl4
/c{connections}10*5-1(9)2(6,10)4(8,12)3(1,7)11
/t{stereo:sp3}1-,2?,3?,4+;1-,2?,3?,4-;1-,2+,3-,4+;1-,2-,3+,4+;4*1-,2-,3-,4+;2*1-,2-,3-,4-

AuxInfo=
{version}1
/{normalization_type}0
/N:{original_atom_numbers}3,4,2,1,8,12,10,6,7,11,9,5;15,14,16,13,20,22,24,18,19,21,23,17;76,73,75,74,84,78,80,82,83,77,79,81;112,111,109,110,120,116,114,118,119,115,113,117;26,27,25,28,34,32,30,36,33,31,29,35;62,61,63,64,70,66,68,72,69,65,67,71;87,88,86,85,92,96,94,90,91,95,93,89;97,98,100,99,102,106,108,104,101,105,107,103;39,38,40,37,44,46,48,42,43,45,47,41;50,49,51,52,58,54,56,60,57,53,55,59
/E:{atom_equivalence}10*(1,2,3,4)(5,6,7,8)(9,10,11,12)
/rA:{reversibility:atoms}120cCCCCClBrClBrClBrClBrCCCCClBrClBrClBrClBrCCCCClBrClBrClBrClBrCCCCClBrClBrClBrClBrCCCCClBrClBrClBrClBrCCCCClBrClBrClBrClBrCCCCClBrClBrClBrClBrCCCCClBrClBrClBrClBrCCCCClBrClBrClBrClBrCCCCClBrClBrClBrClBr
/rB:{reversibility:bonds}s1;s2;s1s3;P1;s1;s3;N3;s2;s2;s4;s4;;s13;s14;s13s15;P13;s13;s15;P15;s14;s14;s16;s16;;s25;s26;s25s27;P25;s25;s27;P27;P26;s26;P28;s28;;s37;s38;s37s39;P37;s37;s39;P39;P38;s38;N40;s40;;s49;s50;s49s51;P49;s49;s51;P51;N50;s50;P52;s52;;s61;s62;s61s63;P61;s61;s63;P63;N62;s62;N64;s64;;s73;s74;s73s75;P73;s73;s75;N75;P74;s74;P76;s76;;s85;s86;s85s87;P85;s85;s87;N87;P86;s86;N88;s88;;s97;s98;s97s99;P97;s97;s99;N99;N98;s98;P100;s100;;s109;s110;s109s111;P109;s109;s111;N111;N110;s110;N112;s112;
/rC:{reversibility:xyz}4.9245,-14.8297,0;6.8873,-13.0229,0;8.7131,-14.6553,0;6.9434,-16.699,0;3.6409,-13.5087,0;3.7406,-15.8641,0;9.8347,-13.1722,0;10.1836,-16.1383,0;5.4741,-12.008,0;8.1249,-12.0556,0;5.5077,-17.736,0;8.4987,-17.6089,0;4.8604,-7.6189,0;6.8233,-5.8121,0;8.649,-7.4444,0;6.8793,-9.4881,0;3.5768,-6.2979,0;3.6765,-8.6533,0;9.7706,-5.9614,0;10.1195,-8.9274,0;5.41,-4.7972,0;8.0608,-4.8447,0;5.4437,-10.5251,0;8.4346,-10.3981,0;13.882,-7.3625,0;15.8448,-5.5557,0;17.6705,-7.188,0;15.9009,-9.2317,0;12.5984,-6.0415,0;12.6981,-8.3969,0;18.7922,-5.705,0;19.1411,-8.671,0;14.4316,-4.5408,0;17.0823,-4.5884,0;14.4652,-10.2687,0;17.4562,-10.1417,0;23.3522,-7.3144,0;25.3151,-5.5076,0;27.1408,-7.14,0;25.3711,-9.1837,0;22.0686,-5.9934,0;22.1683,-8.3488,0;28.2624,-5.6569,0;28.6113,-8.623,0;23.9018,-4.4927,0;26.5526,-4.5403,0;23.9355,-10.2207,0;26.9264,-10.0936,0;32.4539,-7.1702,0;34.4167,-5.3634,0;36.2425,-6.9957,0;34.4728,-9.0394,0;31.1703,-5.8492,0;31.27,-8.2046,0;37.3641,-5.5127,0;37.713,-8.4788,0;33.0035,-4.3485,0;35.6543,-4.3961,0;33.0372,-10.0764,0;36.0281,-9.9494,0;41.4755,-7.3144,0;43.4383,-5.5076,0;45.264,-7.14,0;43.4944,-9.1837,0;40.1919,-5.9934,0;40.2916,-8.3488,0;46.3856,-5.6569,0;46.7346,-8.623,0;42.0251,-4.4927,0;44.6758,-4.5403,0;42.0587,-10.2207,0;45.0497,-10.0936,0;13.5295,-14.2849,0;15.4923,-12.4781,0;17.318,-14.1104,0;15.5484,-16.1541,0;12.2459,-12.9639,0;12.3456,-15.3193,0;18.4396,-12.6274,0;18.7886,-15.5935,0;14.0791,-11.4632,0;16.7298,-11.5108,0;14.1127,-17.1911,0;17.1037,-17.0641,0;22.9997,-14.2368,0;24.9625,-12.4301,0;26.7883,-14.0624,0;25.0186,-16.1061,0;21.7161,-12.9158,0;21.8158,-15.2712,0;27.9099,-12.5794,0;28.2588,-15.5454,0;23.5493,-11.4151,0;26.2001,-11.4627,0;23.5829,-17.1431,0;26.5739,-17.016,0;32.1014,-14.0926,0;34.0642,-12.2858,0;35.8899,-13.9181,0;34.1203,-15.9618,0;30.8178,-12.7716,0;30.9175,-15.127,0;37.0116,-12.4351,0;37.3605,-15.4012,0;32.651,-11.2709,0;35.3017,-11.3185,0;32.6846,-16.9988,0;35.6756,-16.8718,0;41.123,-14.2368,0;43.0858,-12.4301,0;44.9115,-14.0624,0;43.1419,-16.1061,0;39.8394,-12.9158,0;39.9391,-15.2712,0;46.0331,-12.5794,0;46.3821,-15.5454,0;41.6725,-11.4151,0;44.3233,-11.4627,0;41.7062,-17.1431,0;44.6972,-17.016,0;

